song_beatr{
  "bpm": 120.18531976744185,
  "offset": 0.0,
  "beats": [
    0.3947392290249433,
    0.893968253968254,
    1.3931972789115645,
    1.8924263038548752,
    2.391655328798186,
    2.8908843537414968,
    3.3901133786848074,
    3.889342403628118,
    4.388571428571429,
    4.887800453514739,
    5.38702947845805,
    5.88625850340136,
    6.3854875283446715,
    6.884716553287982,
    7.383945578231293,
    7.883174603174603,
    8.394013605442177,
    8.893242630385487,
    9.392471655328798,
    9.891700680272109,
    10.39092970521542,
    10.89015873015873,
    11.38938775510204,
    11.888616780045352,
    12.387845804988663,
    12.887074829931972,
    13.386303854875283,
    13.897142857142857,
    14.396371882086168,
    14.895600907029479,
    15.394829931972788,
    15.8940589569161,
    16.39328798185941,
    16.89251700680272,
    17.39174603174603,
    17.890975056689342,
    18.390204081632653,
    18.889433106575964,
    19.388662131519276,
    19.887891156462587,
    20.39873015873016,
    20.897959183673468,
    21.39718820861678,
    21.89641723356009,
    22.3956462585034,
    22.894875283446712,
    23.394104308390023,
    23.893333333333334,
    24.404172335600908,
    24.90340136054422,
    25.391020408163264,
    25.890249433106575,
    26.389478458049886,
    26.888707482993198,
    27.38793650793651,
    27.898775510204082,
    28.398004535147393,
    28.897233560090704,
    29.396462585034012,
    29.895691609977323,
    30.394920634920634,
    30.894149659863945,
    31.393378684807256,
    31.892607709750568,
    32.40344671201814,
    32.90267573696145,
    33.3902947845805,
    33.88952380952381,
    34.38875283446712,
    34.88798185941043,
    35.38721088435374,
    35.90965986394558,
    36.39727891156463,
    36.9081179138322,
    37.39573696145125,
    37.89496598639456,
    38.39419501133787,
    38.89342403628118,
    39.39265306122449,
    39.90349206349207,
    40.40272108843537,
    40.90195011337868,
    41.38956916099773,
    41.88879818594104,
    42.38802721088435,
    42.887256235827664,
    43.386485260770975,
    43.89732426303855,
    44.39655328798186,
    44.90739229024943,
    45.39501133786848,
    45.89424036281179,
    46.393469387755104,
    46.892698412698415,
    47.391927437641726,
    47.9027664399093,
    48.40199546485261,
    48.901224489795915,
    49.400453514739226,
    49.89968253968254,
    50.39891156462585,
    50.89814058956916,
    51.39736961451247,
    51.89659863945578,
    52.39582766439909,
    52.88344671201814,
    53.37106575963719,
    53.85868480725624,
    54.34630385487528,
    54.82231292517007,
    55.29832199546485,
    55.77433106575964,
    56.38965986394558,
    56.900498866213155,
    57.39972789115646,
    57.89895691609977,
    58.39818594104308,
    58.89741496598639,
    59.396643990929704,
    59.895873015873015,
    60.395102040816326,
    60.89433106575964,
    61.39356009070295,
    61.90439909297052,
    62.40362811791383,
    62.902857142857144,
    63.402086167800455,
    63.901315192743766,
    64.40054421768707,
    64.89977324263039,
    65.39900226757369,
    65.89823129251701,
    66.38585034013606,
    66.88507936507936,
    67.39591836734694,
    67.89514739229026,
    68.39437641723356,
    68.89360544217688,
    69.39283446712018,
    69.89206349206349,
    70.3912925170068,
    70.89052154195011,
    71.38975056689343,
    71.88897959183673,
    72.38820861678005,
    72.88743764172335,
    73.38666666666667,
    73.88589569160997,
    74.38512471655329,
    74.8843537414966,
    75.39519274376417,
    75.89442176870749,
    76.39365079365079,
    76.89287981859411,
    77.39210884353741,
    77.89133786848073,
    78.39056689342404,
    78.88979591836734,
    79.38902494331066,
    79.88825396825396,
    80.38748299319728,
    80.88671201814059,
    81.3859410430839,
    81.89678004535148,
    82.39600907029478,
    82.8952380952381,
    83.3944671201814,
    83.89369614512472,
    84.39292517006803,
    84.89215419501134,
    85.39138321995465,
    85.89061224489797,
    86.38984126984127,
    86.88907029478457,
    87.38829931972789,
    87.8875283446712,
    88.38675736961451,
    88.88598639455782,
    89.39682539682539,
    89.89605442176871,
    90.39528344671201,
    90.89451247165533,
    91.39374149659864,
    91.89297052154195,
    92.39219954648526,
    92.89142857142858,
    93.39065759637188,
    93.8898866213152,
    94.3891156462585,
    94.8883446712018,
    95.38757369614513,
    95.88680272108843,
    96.38603174603175,
    96.89687074829932,
    97.39609977324263,
    97.89532879818594,
    98.39455782312925,
    98.89378684807257,
    99.39301587301587,
    99.89224489795919,
    100.39147392290249,
    100.89070294784581,
    101.38993197278911,
    101.88916099773243,
    102.38839002267574,
    102.88761904761905,
    103.38684807256236,
    103.88607709750566,
    104.39691609977324,
    104.89614512471655,
    105.39537414965986,
    105.89460317460318,
    106.39383219954648,
    106.8930612244898,
    107.3922902494331,
    107.89151927437642,
    108.39074829931972,
    108.88997732426304,
    109.38920634920635,
    109.88843537414967,
    110.39927437641724,
    110.89850340136054,
    111.39773242630386,
    111.89696145124717,
    112.39619047619047,
    112.89541950113379,
    113.39464852607709,
    113.89387755102041,
    114.39310657596371,
    114.89233560090703,
    115.39156462585034,
    115.89079365079365,
    116.39002267573696,
    116.88925170068028,
    117.38848072562358,
    117.8877097505669,
    118.3869387755102,
    118.89777777777778,
    119.3970068027211,
    119.8962358276644,
    120.39546485260772,
    120.89469387755102,
    121.39392290249432,
    121.89315192743764,
    122.39238095238095,
    122.89160997732426,
    123.39083900226757,
    123.89006802721089,
    124.38929705215419,
    124.88852607709751,
    125.38775510204081,
    125.88698412698413,
    126.38621315192744,
    126.89705215419501,
    127.39628117913833,
    127.89551020408163,
    128.39473922902494,
    128.89396825396827,
    129.34675736961452,
    129.81115646258505,
    130.2639455782313,
    130.89088435374148,
    131.39011337868482,
    131.88934240362812,
    132.38857142857142,
    132.88780045351473,
    133.38702947845806,
    133.89786848072563,
    134.38548752834467,
    134.88471655328797,
    135.39555555555555,
    135.89478458049888,
    136.39401360544218,
    136.8932426303855,
    137.3924716553288,
    137.8917006802721,
    138.39092970521543,
    138.89015873015873,
    139.38938775510204,
    139.88861678004534,
    140.38784580498867,
    140.88707482993198,
    141.38630385487528,
    141.89714285714285,
    142.39637188208616,
    142.8956009070295,
    143.3948299319728,
    143.8940589569161,
    144.3932879818594,
    144.89251700680273,
    145.39174603174604,
    145.9025850340136,
    146.40181405895692,
    146.9126530612245,
    147.42349206349206,
    147.93433106575964,
    148.4451700680272,
    148.95600907029478,
    149.46684807256236,
    149.97768707482993,
    150.4885260770975,
    150.9877551020408,
    151.48698412698414,
    151.98621315192744,
    152.48544217687075,
    152.98467120181405,
    153.48390022675736,
    153.9831292517007,
    154.482358276644,
    154.9815873015873,
    155.4808163265306,
    155.98004535147393,
    156.47927437641724,
    156.97850340136054,
    157.47773242630385,
    157.97696145124718,
    158.47619047619048,
    158.97541950113379,
    159.4746485260771,
    159.97387755102042,
    160.47310657596373,
    160.97233560090703,
    161.47156462585033,
    161.97079365079364,
    162.47002267573697,
    162.96925170068027,
    163.46848072562358,
    163.96770975056688,
    164.46693877551022,
    164.96616780045352,
    165.46539682539682,
    165.96462585034013,
    166.4754648526077,
    166.97469387755103,
    167.47392290249434,
    167.97315192743764,
    168.46077097505668,
    168.97160997732425,
    169.47083900226758,
    169.97006802721089,
    170.4692970521542,
    170.9685260770975,
    171.46775510204083,
    171.96698412698413,
    172.45460317460316,
    172.96544217687074,
    173.46467120181407,
    173.96390022675737,
    174.46312925170068,
    174.96235827664398,
    175.46158730158731,
    175.96081632653062,
    176.46004535147392,
    176.9708843537415,
    177.4701133786848,
    177.95773242630386,
    178.45696145124717,
    178.96780045351474,
    179.46702947845804,
    179.96625850340135,
    180.4538775510204,
    180.96471655328799,
    181.45233560090702,
    181.95156462585035,
    182.45079365079366,
    182.95002267573696,
    183.44925170068026,
    183.9484807256236,
    184.38965986394558,
    184.91210884353742,
    185.422947845805,
    185.93378684807257,
    186.44462585034015,
    186.95546485260772,
    187.45469387755102,
    187.95392290249433,
    188.45315192743763,
    188.95238095238096,
    189.45160997732427,
    189.95083900226757,
    190.45006802721088,
    190.9492970521542,
    191.4485260770975,
    191.94775510204082,
    192.4585941043084,
    192.9578231292517,
    193.457052154195,
    193.95628117913833,
    194.45551020408163,
    194.95473922902494,
    195.45396825396824,
    195.95319727891157,
    196.45242630385488,
    196.95165532879818,
    197.4508843537415,
    197.95011337868482,
    198.44934240362812,
    198.94857142857143,
    199.44780045351473,
    199.94702947845806,
    200.45786848072564,
    200.95709750566894,
    201.45632653061224,
    201.96716553287982,
    202.45478458049885,
    202.95401360544219,
    203.4532426303855,
    203.9524716553288,
    204.4517006802721,
    204.95092970521543,
    205.45015873015873,
    205.94938775510204,
    206.44861678004534,
    206.94784580498867,
    207.45868480725625,
    207.95791383219955,
    208.45714285714286,
    208.95637188208616,
    209.4556009070295,
    209.9548299319728,
    210.4540589569161,
    210.9532879818594,
    211.4525170068027,
    211.95174603174604,
    212.45097505668934,
    212.95020408163265,
    213.44943310657595,
    213.94866213151928,
    214.4478911564626,
    214.95873015873016,
    215.45795918367347,
    215.95718820861677,
    216.4564172335601,
    216.9556462585034,
    217.4548752834467,
    217.95410430839001
  ]
}